1:	2129351	51602	16779	14773
2:	2129446	79748	25413	22358
3:	2129575	100407	32180	28419
4:	2129758	117447	38051	33732
5:	2129982	132780	43451	38636
6:	2130251	146892	48523	43270
12:	2131312	213094	73382	65894
18:	2131587	258152	92092	82880
24:	2131860	293705	108150	97472
30:	2132980	341357	126824	114819
36:	2133665	380036	142746	129612
42:	2133685	406586	155203	141207
48:	2134039	425431	165333	150646
54:	2135627	463402	181159	165552
60:	2137813	495927	195501	179063
66:	2138400	517552	206847	189753
72:	2138084	531955	215847	198238
