1:	2150716	90115	38177	34849
2:	2150758	155714	66955	60792
3:	2150803	213832	93502	84620
4:	2150856	268311	118959	107344
5:	2150913	320305	143450	129219
6:	2150976	370124	167136	150346
12:	2151273	625311	291354	260180
18:	2151469	850511	404008	358409
24:	2151664	874505	416663	369577
30:	2151940	910633	431240	382754
36:	2152162	939253	443858	394275
42:	2152322	960275	454849	404386
48:	2152509	975973	464677	413475
54:	2152776	1004413	476716	424716
60:	2153054	1028077	487755	435082
66:	2153218	1045125	497502	444260
72:	2153337	1057658	506421	452703
