1:	2129351	90482	34677	30923
2:	2129446	157562	61429	54853
3:	2129575	217390	86531	77441
4:	2129758	273908	110925	99428
5:	2129982	329229	135089	121225
6:	2130251	383756	159183	142964
6:	2130251	383756	159183	142964
12:	2131312	705468	305141	274263
18:	2131587	848265	371361	333564
24:	2131860	874423	384268	344904
30:	2132980	912180	399435	358798
36:	2133665	943271	412846	371127
42:	2133685	965414	424070	381475
48:	2134039	982215	433975	390653
54:	2135627	1012378	446638	402576
60:	2137813	1038820	458686	413916
66:	2138400	1056943	468877	423531
72:	2138084	1069252	477402	431658
