1:	2129310	72127	33019	30931
2:	2129406	132871	60117	55633
3:	2129535	188912	85845	78879
4:	2129718	242598	110819	101297
5:	2129943	294154	134969	122905
6:	2130211	344247	158526	143961
12:	2131273	601229	282140	253597
18:	2131548	826834	393874	351722
24:	2131821	854733	407301	363688
30:	2132941	894444	422946	377857
36:	2133625	926391	436548	390287
42:	2133644	949373	447952	400741
48:	2133998	966842	458033	410019
54:	2135586	997591	470970	422036
60:	2137770	1024847	483391	433533
66:	2138357	1043760	493786	443248
72:	2138041	1056544	502473	451452
